10 10
23 45 12 67 89 34 56 78 90 11
22 33 44 55 66 77 88 99 10 21
31 42 53 64 75 86 97 08 19 20
41 52 63 74 85 96 07 18 29 30
51 62 73 84 95 06 17 28 39 40
61 72 83 94 05 16 27 38 49 50
71 82 93 04 15 26 37 48 59 60
81 92 03 14 25 36 47 58 69 70
91 02 13 24 35 46 57 68 79 80
00 01 02 03 04 05 06 07 08 09
6
34 67 12 89 45 23 78 56 1 90 11 33 88 4 72 19 50 27 63 85 8 39 97 0 66 15 31 54 3 92 20 48 70 10 36 84 29 73 5 62 38 25 99 46 16 40 76 2 35 69 13 59 30 24 81 17 75 42 86 7 32 41 14 91 26 18 65 83 57 44 94 49 60 77 87 68 74 52 80 61 9 82 53 95 37 55 72 34 98 6 47 93 58 86 71 12
5
2 3